TC-#  1
1
1
1
1
TC-#  2
1
2
2
2
TC-#  3
1
1
1
1
TC-#  4
2
2
3
3
TC-#  5
1
1
1
1
TC-#  6
1
2
2
2
TC-#  7
2
2
1
2
TC-#  8
3
2
3
4
TC-#  9
1
1
1
1
TC-#  10
1
2
2
2
TC-#  11
1
1
1
1
TC-#  12
2
2
3
3
TC-#  13
2
2
2
1
TC-#  14
2
2
2
2
TC-#  15
3
3
2
2
TC-#  16
4
3
3
4
TC-#  17
1
1
1
1
TC-#  18
1
2
2
2
TC-#  19
1
1
1
1
TC-#  20
2
2
3
3
TC-#  21
1
1
1
1
TC-#  22
1
2
2
2
TC-#  23
2
2
1
2
TC-#  24
3
2
3
4
TC-#  25
2
2
2
2
TC-#  26
2
2
2
2
TC-#  27
2
2
2
2
TC-#  28
2
2
3
3
TC-#  29
3
3
3
2
TC-#  30
3
3
3
2
TC-#  31
4
4
3
2
TC-#  32
5
4
3
4
TC-#  33
1
1
1
1
TC-#  34
1
2
2
2
TC-#  35
1
1
1
1
TC-#  36
2
2
3
3
TC-#  37
1
1
1
1
TC-#  38
1
2
2
2
TC-#  39
2
2
1
2
TC-#  40
3
2
3
4
TC-#  41
1
1
1
1
TC-#  42
1
2
2
2
TC-#  43
1
1
1
1
TC-#  44
2
2
3
3
TC-#  45
2
2
2
1
TC-#  46
2
2
2
2
TC-#  47
3
3
2
2
TC-#  48
4
3
3
4
TC-#  49
2
2
2
2
TC-#  50
2
2
2
2
TC-#  51
2
2
2
2
TC-#  52
2
2
3
3
TC-#  53
2
2
2
2
TC-#  54
2
2
2
2
TC-#  55
2
2
2
2
TC-#  56
3
2
3
4
TC-#  57
3
3
3
3
TC-#  58
3
3
3
3
TC-#  59
3
3
3
3
TC-#  60
3
3
3
3
TC-#  61
4
4
4
3
TC-#  62
4
4
4
3
TC-#  63
5
5
4
3
TC-#  64
6
5
4
4
TC-#  65
1
1
1
1
TC-#  66
1
2
2
2
TC-#  67
1
1
1
1
TC-#  68
2
2
3
3
TC-#  69
1
1
1
1
TC-#  70
1
2
2
2
TC-#  71
2
2
1
2
TC-#  72
3
2
3
4
TC-#  73
1
1
1
1
TC-#  74
1
2
2
2
TC-#  75
1
1
1
1
TC-#  76
2
2
3
3
TC-#  77
2
2
2
1
TC-#  78
2
2
2
2
TC-#  79
3
3
2
2
TC-#  80
4
3
3
4
TC-#  81
1
1
1
1
TC-#  82
1
2
2
2
TC-#  83
1
1
1
1
TC-#  84
2
2
3
3
TC-#  85
1
1
1
1
TC-#  86
1
2
2
2
TC-#  87
2
2
1
2
TC-#  88
3
2
3
4
TC-#  89
2
2
2
2
TC-#  90
2
2
2
2
TC-#  91
2
2
2
2
TC-#  92
2
2
3
3
TC-#  93
3
3
3
2
TC-#  94
3
3
3
2
TC-#  95
4
4
3
2
TC-#  96
5
4
3
4
TC-#  97
2
2
2
2
TC-#  98
2
2
2
2
TC-#  99
2
2
2
2
TC-#  100
2
2
3
3
TC-#  101
2
2
2
2
TC-#  102
2
2
2
2
TC-#  103
2
2
2
2
TC-#  104
3
2
3
4
TC-#  105
2
2
2
2
TC-#  106
2
2
2
2
TC-#  107
2
2
2
2
TC-#  108
2
2
3
3
TC-#  109
2
2
2
2
TC-#  110
2
2
2
2
TC-#  111
3
3
2
2
TC-#  112
4
3
3
4
TC-#  113
3
3
3
3
TC-#  114
3
3
3
3
TC-#  115
3
3
3
3
TC-#  116
3
3
3
3
TC-#  117
3
3
3
3
TC-#  118
3
3
3
3
TC-#  119
3
3
3
3
TC-#  120
3
3
3
4
TC-#  121
4
4
4
4
TC-#  122
4
4
4
4
TC-#  123
4
4
4
4
TC-#  124
4
4
4
4
TC-#  125
5
5
5
4
TC-#  126
5
5
5
4
TC-#  127
6
6
5
4
TC-#  128
7
6
5
4
TC-#  129
1
1
1
1
TC-#  130
1
2
2
2
TC-#  131
1
1
1
1
TC-#  132
2
2
3
3
TC-#  133
1
1
1
1
TC-#  134
1
2
2
2
TC-#  135
2
2
1
2
TC-#  136
3
2
3
4
TC-#  137
1
1
1
1
TC-#  138
1
2
2
2
TC-#  139
1
1
1
1
TC-#  140
2
2
3
3
TC-#  141
2
2
2
1
TC-#  142
2
2
2
2
TC-#  143
3
3
2
2
TC-#  144
4
3
3
4
TC-#  145
1
1
1
1
TC-#  146
1
2
2
2
TC-#  147
1
1
1
1
TC-#  148
2
2
3
3
TC-#  149
1
1
1
1
TC-#  150
1
2
2
2
TC-#  151
2
2
1
2
TC-#  152
3
2
3
4
TC-#  153
2
2
2
2
TC-#  154
2
2
2
2
TC-#  155
2
2
2
2
TC-#  156
2
2
3
3
TC-#  157
3
3
3
2
TC-#  158
3
3
3
2
TC-#  159
4
4
3
2
TC-#  160
5
4
3
4
TC-#  161
1
1
1
1
TC-#  162
1
2
2
2
TC-#  163
1
1
1
1
TC-#  164
2
2
3
3
TC-#  165
1
1
1
1
TC-#  166
1
2
2
2
TC-#  167
2
2
1
2
TC-#  168
3
2
3
4
TC-#  169
1
1
1
1
TC-#  170
1
2
2
2
TC-#  171
1
1
1
1
TC-#  172
2
2
3
3
TC-#  173
2
2
2
1
TC-#  174
2
2
2
2
TC-#  175
3
3
2
2
TC-#  176
4
3
3
4
TC-#  177
2
2
2
2
TC-#  178
2
2
2
2
TC-#  179
2
2
2
2
TC-#  180
2
2
3
3
TC-#  181
2
2
2
2
TC-#  182
2
2
2
2
TC-#  183
2
2
2
2
TC-#  184
3
2
3
4
TC-#  185
3
3
3
3
TC-#  186
3
3
3
3
TC-#  187
3
3
3
3
TC-#  188
3
3
3
3
TC-#  189
4
4
4
3
TC-#  190
4
4
4
3
TC-#  191
5
5
4
3
TC-#  192
6
5
4
4
TC-#  193
2
2
2
2
TC-#  194
2
2
2
2
TC-#  195
2
2
2
2
TC-#  196
2
2
3
3
TC-#  197
2
2
2
2
TC-#  198
2
2
2
2
TC-#  199
2
2
2
2
TC-#  200
3
2
3
4
TC-#  201
2
2
2
2
TC-#  202
2
2
2
2
TC-#  203
2
2
2
2
TC-#  204
2
2
3
3
TC-#  205
2
2
2
2
TC-#  206
2
2
2
2
TC-#  207
3
3
2
2
TC-#  208
4
3
3
4
TC-#  209
2
2
2
2
TC-#  210
2
2
2
2
TC-#  211
2
2
2
2
TC-#  212
2
2
3
3
TC-#  213
2
2
2
2
TC-#  214
2
2
2
2
TC-#  215
2
2
2
2
TC-#  216
3
2
3
4
TC-#  217
2
2
2
2
TC-#  218
2
2
2
2
TC-#  219
2
2
2
2
TC-#  220
2
2
3
3
TC-#  221
3
3
3
2
TC-#  222
3
3
3
2
TC-#  223
4
4
3
2
TC-#  224
5
4
3
4
TC-#  225
3
3
3
3
TC-#  226
3
3
3
3
TC-#  227
3
3
3
3
TC-#  228
3
3
3
3
TC-#  229
3
3
3
3
TC-#  230
3
3
3
3
TC-#  231
3
3
3
3
TC-#  232
3
3
3
4
TC-#  233
3
3
3
3
TC-#  234
3
3
3
3
TC-#  235
3
3
3
3
TC-#  236
3
3
3
3
TC-#  237
3
3
3
3
TC-#  238
3
3
3
3
TC-#  239
3
3
3
3
TC-#  240
4
3
3
4
TC-#  241
4
4
4
4
TC-#  242
4
4
4
4
TC-#  243
4
4
4
4
TC-#  244
4
4
4
4
TC-#  245
4
4
4
4
TC-#  246
4
4
4
4
TC-#  247
4
4
4
4
TC-#  248
4
4
4
4
TC-#  249
5
5
5
5
TC-#  250
5
5
5
5
TC-#  251
5
5
5
5
TC-#  252
5
5
5
5
TC-#  253
6
6
6
5
TC-#  254
6
6
6
5
TC-#  255
7
7
6
5
TC-#  256
8
7
6
5
TC-#  257
2
2
2
2
TC-#  258
2
3
3
3
TC-#  259
2
2
2
2
TC-#  260
2
3
4
4
TC-#  261
2
2
2
2
TC-#  262
2
3
3
3
TC-#  263
2
2
2
2
TC-#  264
3
3
4
5
TC-#  265
2
2
2
2
TC-#  266
2
3
3
3
TC-#  267
2
2
2
2
TC-#  268
2
3
4
4
TC-#  269
2
2
2
2
TC-#  270
2
3
3
3
TC-#  271
3
3
2
2
TC-#  272
4
3
4
5
TC-#  273
2
2
2
2
TC-#  274
2
3
3
3
TC-#  275
2
2
2
2
TC-#  276
2
3
4
4
TC-#  277
2
2
2
2
TC-#  278
2
3
3
3
TC-#  279
2
2
2
2
TC-#  280
3
3
4
5
TC-#  281
2
2
2
2
TC-#  282
2
3
3
3
TC-#  283
2
2
2
2
TC-#  284
2
3
4
4
TC-#  285
3
3
3
2
TC-#  286
3
3
3
3
TC-#  287
4
4
3
2
TC-#  288
5
4
4
5
TC-#  289
2
2
2
2
TC-#  290
2
3
3
3
TC-#  291
2
2
2
2
TC-#  292
2
3
4
4
TC-#  293
2
2
2
2
TC-#  294
2
3
3
3
TC-#  295
2
2
2
2
TC-#  296
3
3
4
5
TC-#  297
2
2
2
2
TC-#  298
2
3
3
3
TC-#  299
2
2
2
2
TC-#  300
2
3
4
4
TC-#  301
2
2
2
2
TC-#  302
2
3
3
3
TC-#  303
3
3
2
2
TC-#  304
4
3
4
5
TC-#  305
2
2
2
2
TC-#  306
2
3
3
3
TC-#  307
2
2
2
2
TC-#  308
2
3
4
4
TC-#  309
2
2
2
2
TC-#  310
2
3
3
3
TC-#  311
2
2
2
2
TC-#  312
3
3
4
5
TC-#  313
3
3
3
3
TC-#  314
3
3
3
3
TC-#  315
3
3
3
3
TC-#  316
3
3
4
4
TC-#  317
4
4
4
3
TC-#  318
4
4
4
3
TC-#  319
5
5
4
3
TC-#  320
6
5
4
5
TC-#  321
2
2
2
2
TC-#  322
2
3
3
3
TC-#  323
2
2
2
2
TC-#  324
2
3
4
4
TC-#  325
2
2
2
2
TC-#  326
2
3
3
3
TC-#  327
2
2
2
2
TC-#  328
3
3
4
5
TC-#  329
2
2
2
2
TC-#  330
2
3
3
3
TC-#  331
2
2
2
2
TC-#  332
2
3
4
4
TC-#  333
2
2
2
2
TC-#  334
2
3
3
3
TC-#  335
3
3
2
2
TC-#  336
4
3
4
5
TC-#  337
2
2
2
2
TC-#  338
2
3
3
3
TC-#  339
2
2
2
2
TC-#  340
2
3
4
4
TC-#  341
2
2
2
2
TC-#  342
2
3
3
3
TC-#  343
2
2
2
2
TC-#  344
3
3
4
5
TC-#  345
2
2
2
2
TC-#  346
2
3
3
3
TC-#  347
2
2
2
2
TC-#  348
2
3
4
4
TC-#  349
3
3
3
2
TC-#  350
3
3
3
3
TC-#  351
4
4
3
2
TC-#  352
5
4
4
5
TC-#  353
2
2
2
2
TC-#  354
2
3
3
3
TC-#  355
2
2
2
2
TC-#  356
2
3
4
4
TC-#  357
2
2
2
2
TC-#  358
2
3
3
3
TC-#  359
2
2
2
2
TC-#  360
3
3
4
5
TC-#  361
2
2
2
2
TC-#  362
2
3
3
3
TC-#  363
2
2
2
2
TC-#  364
2
3
4
4
TC-#  365
2
2
2
2
TC-#  366
2
3
3
3
TC-#  367
3
3
2
2
TC-#  368
4
3
4
5
TC-#  369
3
3
3
3
TC-#  370
3
3
3
3
TC-#  371
3
3
3
3
TC-#  372
3
3
4
4
TC-#  373
3
3
3
3
TC-#  374
3
3
3
3
TC-#  375
3
3
3
3
TC-#  376
3
3
4
5
TC-#  377
4
4
4
4
TC-#  378
4
4
4
4
TC-#  379
4
4
4
4
TC-#  380
4
4
4
4
TC-#  381
5
5
5
4
TC-#  382
5
5
5
4
TC-#  383
6
6
5
4
TC-#  384
7
6
5
5
TC-#  385
3
3
3
3
TC-#  386
3
4
4
4
TC-#  387
3
3
3
3
TC-#  388
3
4
5
5
TC-#  389
3
3
3
3
TC-#  390
3
4
4
4
TC-#  391
3
3
3
3
TC-#  392
3
4
5
6
TC-#  393
3
3
3
3
TC-#  394
3
4
4
4
TC-#  395
3
3
3
3
TC-#  396
3
4
5
5
TC-#  397
3
3
3
3
TC-#  398
3
4
4
4
TC-#  399
3
3
3
3
TC-#  400
4
4
5
6
TC-#  401
3
3
3
3
TC-#  402
3
4
4
4
TC-#  403
3
3
3
3
TC-#  404
3
4
5
5
TC-#  405
3
3
3
3
TC-#  406
3
4
4
4
TC-#  407
3
3
3
3
TC-#  408
3
4
5
6
TC-#  409
3
3
3
3
TC-#  410
3
4
4
4
TC-#  411
3
3
3
3
TC-#  412
3
4
5
5
TC-#  413
3
3
3
3
TC-#  414
3
4
4
4
TC-#  415
4
4
3
3
TC-#  416
5
4
5
6
TC-#  417
3
3
3
3
TC-#  418
3
4
4
4
TC-#  419
3
3
3
3
TC-#  420
3
4
5
5
TC-#  421
3
3
3
3
TC-#  422
3
4
4
4
TC-#  423
3
3
3
3
TC-#  424
3
4
5
6
TC-#  425
3
3
3
3
TC-#  426
3
4
4
4
TC-#  427
3
3
3
3
TC-#  428
3
4
5
5
TC-#  429
3
3
3
3
TC-#  430
3
4
4
4
TC-#  431
3
3
3
3
TC-#  432
4
4
5
6
TC-#  433
3
3
3
3
TC-#  434
3
4
4
4
TC-#  435
3
3
3
3
TC-#  436
3
4
5
5
TC-#  437
3
3
3
3
TC-#  438
3
4
4
4
TC-#  439
3
3
3
3
TC-#  440
3
4
5
6
TC-#  441
3
3
3
3
TC-#  442
3
4
4
4
TC-#  443
3
3
3
3
TC-#  444
3
4
5
5
TC-#  445
4
4
4
3
TC-#  446
4
4
4
4
TC-#  447
5
5
4
3
TC-#  448
6
5
5
6
TC-#  449
4
4
4
4
TC-#  450
4
5
5
5
TC-#  451
4
4
4
4
TC-#  452
4
5
6
6
TC-#  453
4
4
4
4
TC-#  454
4
5
5
5
TC-#  455
4
4
4
4
TC-#  456
4
5
6
7
TC-#  457
4
4
4
4
TC-#  458
4
5
5
5
TC-#  459
4
4
4
4
TC-#  460
4
5
6
6
TC-#  461
4
4
4
4
TC-#  462
4
5
5
5
TC-#  463
4
4
4
4
TC-#  464
4
5
6
7
TC-#  465
4
4
4
4
TC-#  466
4
5
5
5
TC-#  467
4
4
4
4
TC-#  468
4
5
6
6
TC-#  469
4
4
4
4
TC-#  470
4
5
5
5
TC-#  471
4
4
4
4
TC-#  472
4
5
6
7
TC-#  473
4
4
4
4
TC-#  474
4
5
5
5
TC-#  475
4
4
4
4
TC-#  476
4
5
6
6
TC-#  477
4
4
4
4
TC-#  478
4
5
5
5
TC-#  479
4
4
4
4
TC-#  480
5
5
6
7
TC-#  481
5
5
5
5
TC-#  482
5
6
6
6
TC-#  483
5
5
5
5
TC-#  484
5
6
7
7
TC-#  485
5
5
5
5
TC-#  486
5
6
6
6
TC-#  487
5
5
5
5
TC-#  488
5
6
7
8
TC-#  489
5
5
5
5
TC-#  490
5
6
6
6
TC-#  491
5
5
5
5
TC-#  492
5
6
7
7
TC-#  493
5
5
5
5
TC-#  494
5
6
6
6
TC-#  495
5
5
5
5
TC-#  496
5
6
7
8
TC-#  497
6
6
6
6
TC-#  498
6
7
7
7
TC-#  499
6
6
6
6
TC-#  500
6
7
8
8
TC-#  501
6
6
6
6
TC-#  502
6
7
7
7
TC-#  503
6
6
6
6
TC-#  504
6
7
8
9
TC-#  505
7
7
7
7
TC-#  506
7
8
8
8
TC-#  507
7
7
7
7
TC-#  508
7
8
9
9
TC-#  509
8
8
8
7
TC-#  510
8
9
9
8
TC-#  511
9
9
8
7
TC-#  512
10
10
10
10
